==========================================================
   Starting Distributed Sorting Benchmark
   Input Type: random
==========================================================

----------------------------------------------------------
    Testing Node Count: 10
----------------------------------------------------------

--- Results (N=10) ---
Initial: [519 70 779 201 343 505 769 436 178 749]
Final:   [70 178 201 343 436 505 519 749 769 779]

--- Benchmark Results ---
Algorithm: Odd-Even Transposition
Nodes: 10
Time: 313.169825ms

--- Results (N=10) ---
Initial: [970 148 219 648 144 122 688 245 890 937]
Final:   [122 144 148 219 245 648 688 890 937 970]
Sasaki Sort Time: 312.67129ms

--- Results (N=10) ---
Initial: [542 959 51 174 152 485 298 851 618 771]
Final:   [51 152 174 298 485 542 618 771 851 959]
Alternative Sort Time: 312.620982ms

----------------------------------------------------------
    Testing Node Count: 50
----------------------------------------------------------

--- Results (N=50) ---
Initial: [557 128 698 557 834 741 866 426 127 153 548 627 351 126 976 851 671 100 63 990 685 373 414 899 820 125 146 702 34 952 212 139 254 944 875 929 416 177 589 31 281 600 458 291 730 928 419 582 728 17]
Final:   [17 31 34 63 100 125 126 127 128 139 146 153 177 212 254 281 291 351 373 414 416 419 426 458 548 557 557 582 589 600 627 671 685 698 702 728 730 741 820 834 851 866 875 899 928 929 944 952 976 990]

--- Benchmark Results ---
Algorithm: Odd-Even Transposition
Nodes: 50
Time: 428.639427ms

--- Results (N=50) ---
Initial: [827 512 415 661 43 306 597 857 777 516 585 184 720 42 66 705 945 578 84 95 734 281 314 514 540 296 162 296 238 252 380 642 123 519 137 616 183 806 112 730 809 505 958 472 111 12 949 285 176 840]
Final:   [12 42 43 66 84 95 111 112 123 137 162 176 183 184 238 252 281 285 296 296 306 314 380 415 472 505 512 514 516 519 540 578 585 597 616 642 661 705 720 730 734 777 806 809 827 840 857 945 949 958]
Sasaki Sort Time: 437.681139ms

--- Results (N=50) ---
Initial: [508 946 372 288 231 81 750 218 749 53 548 874 668 156 4 607 748 708 998 440 777 517 369 368 488 460 660 949 793 813 599 389 795 236 445 211 188 490 266 145 13 780 395 980 897 111 472 649 377 179]
Final:   [4 13 53 81 111 145 156 179 188 211 218 231 236 266 288 368 369 372 377 389 395 440 445 460 472 488 490 508 517 548 599 607 649 660 668 708 748 749 750 777 780 793 795 813 874 897 946 949 980 998]
Alternative Sort Time: 434.502106ms

----------------------------------------------------------
    Testing Node Count: 100
----------------------------------------------------------

--- Results (N=100) ---
Initial: [209 738 610 302 713 613 798 263 444 819 709 377 871 41 319 999 949 39 236 96 799 322 145 603 300 620 619 380 424 878 128 640 72 406 44 60 877 539 374 623 643 51 272 296 221 495 95 610 32 592 188 289 706 565 745 239 563 53 771 961 453 2 179 443 870 253 813 286 626 980 624 661 790 866 78 545 377 723 906 761 48 123 167 455 298 259 753 377 715 367 633 606 180 171 799 395 864 894 941 737]
Final:   [2 32 39 41 44 48 51 53 60 72 78 95 96 123 128 145 167 171 179 180 188 209 221 236 239 253 259 263 272 286 289 296 298 300 302 319 322 367 374 377 377 377 380 395 406 424 443 444 453 455 495 539 545 563 565 592 603 606 610 610 613 619 620 623 624 626 633 640 643 661 706 709 713 715 723 737 738 745 753 761 771 790 798 799 799 813 819 864 866 870 871 877 878 894 906 941 949 961 980 999]

--- Benchmark Results ---
Algorithm: Odd-Even Transposition
Nodes: 100
Time: 381.634059ms

--- Results (N=100) ---
Initial: [519 882 192 628 167 617 242 693 919 490 347 984 801 145 496 333 956 611 141 285 471 54 327 74 758 738 43 632 531 275 965 318 224 800 57 577 680 524 99 259 667 834 498 956 220 327 364 593 562 467 649 811 991 486 425 313 749 944 889 360 676 619 149 902 568 10 462 691 264 33 843 615 764 413 445 171 799 297 380 353 586 901 721 21 610 127 403 579 811 355 382 461 205 377 138 460 792 208 8 745]
Final:   [8 10 21 33 43 54 57 74 99 127 138 141 145 149 167 171 192 205 208 220 224 242 259 264 275 285 297 313 318 327 327 333 347 353 355 360 364 377 380 382 403 413 425 445 460 461 462 467 471 486 490 496 498 519 524 531 562 568 577 579 586 593 610 611 615 617 619 628 632 649 667 676 680 691 693 721 738 745 749 758 764 792 799 800 801 811 811 834 843 882 889 901 902 919 944 956 956 965 984 991]
Sasaki Sort Time: 417.504934ms

--- Results (N=100) ---
Initial: [598 682 660 15 605 818 137 417 309 99 289 906 591 795 646 751 855 663 354 482 792 438 176 839 113 16 180 780 477 374 837 314 245 996 249 384 941 475 474 353 871 883 488 449 661 465 793 594 609 555 244 299 700 144 579 659 586 642 166 67 227 939 874 276 897 959 864 221 422 123 369 280 559 718 375 368 173 279 623 855 317 521 214 980 933 608 908 683 16 312 56 586 837 238 658 433 133 859 288 163]
Final:   [15 16 16 56 67 99 113 123 133 137 144 163 166 173 176 180 214 221 227 238 244 245 249 276 279 280 288 289 299 309 312 314 317 353 354 368 369 374 375 384 417 422 433 438 449 465 474 475 477 482 488 521 555 559 579 586 586 591 594 598 605 608 609 623 642 646 658 659 660 661 663 682 683 700 718 751 780 792 793 795 818 837 837 839 855 855 859 864 871 874 883 897 906 908 933 939 941 959 980 996]
Alternative Sort Time: 481.133352ms

----------------------------------------------------------
    Testing Node Count: 500
----------------------------------------------------------

--- Benchmark Results ---
Algorithm: Odd-Even Transposition
Nodes: 500
Time: 1.319285763s
Sasaki Sort Time: 2.434254049s
Alternative Sort Time: 1.730035935s

----------------------------------------------------------
    Testing Node Count: 1000
----------------------------------------------------------

--- Benchmark Results ---
Algorithm: Odd-Even Transposition
Nodes: 1000
Time: 3.963409411s
Sasaki Sort Time: 8.859044731s
Alternative Sort Time: 5.013427105s

----------------------------------------------------------
    Testing Node Count: 2000
----------------------------------------------------------

--- Benchmark Results ---
Algorithm: Odd-Even Transposition
Nodes: 2000
Time: 13.755817105s
Sasaki Sort Time: 32.90224017s
Alternative Sort Time: 19.203796939s

----------------------------------------------------------
    Testing Node Count: 3000
----------------------------------------------------------

--- Benchmark Results ---
Algorithm: Odd-Even Transposition
Nodes: 3000
Time: 30.990938975s
Sasaki Sort Time: 1m15.186617173s
Alternative Sort Time: 43.949837352s
